placement	415_mean	415_ptp	415_std	415_median	415_var	445_mean	445_ptp	445_std	445_median	445_var	480_mean	480_ptp	480_std	480_median	480_var	515_mean	515_ptp	515_std	515_median	515_var	555_mean	555_ptp	555_std	555_median	555_var	590_mean	590_ptp	590_std	590_median	590_var	630_mean	630_ptp	630_std	630_median	630_var	680_mean	680_ptp	680_std	680_median	680_var	910_mean	910_ptp	910_std	910_median	910_var
uncoupled moving coupled	continuous	continuous	continuous	continuous	continuous	continuous	continuous	continuous	continuous	continuous	continuous	continuous	continuous	continuous	continuous	continuous	continuous	continuous	continuous	continuous	continuous	continuous	continuous	continuous	continuous	continuous	continuous	continuous	continuous	continuous	continuous	continuous	continuous	continuous	continuous	continuous	continuous	continuous	continuous	continuous	continuous	continuous	continuous	continuous	continuous
class																																													
coupled	2956.875	277	93.1933	2944.0	8684.98	12605.375	1191	399.441	12555.5	159553	5612.375	507	170.646	5583.0	29120	16596.000	1555	521.332	16522.5	271787	24810.250	883	283.946	24807.0	80625.4	27242.750	1066	324.525	27270.0	105316	24093.250	1050	321.625	24146.5	103443	12311.375	525	163.26	12340.0	26653.7	3382.500	110	36.8161	3394.0	1355.43
coupled	3062.375	124	38.5818	3062.5	1488.55	13054.125	540	168.052	13057.5	28241.6	5820.375	229	70.8599	5825.0	5021.12	17197.750	666	208.21	17204.5	43351.4	25284.000	564	224.504	25344.0	50402	27783.250	545	216.819	27866.5	47010.5	24601.875	426	166.907	24654.5	27857.8	12572.875	215	84.4215	12599.0	7126.98	3442.500	61	24.2899	3451.0	590
coupled	3131.875	59	21.0675	3139.0	443.839	13353.375	257	92.733	13385.5	8599.41	5954.250	108	39.6872	5968.5	1575.07	17591.250	322	115.733	17631.5	13394.2	25822.625	358	100.95	25818.5	10190.8	28283.125	332	98.0633	28288.5	9616.41	24986.750	237	80.0031	24984.5	6400.5	12772.375	119	40.3589	12771.0	1628.84	3498.750	34	10.4163	3498.5	108.5
coupled	3095.000	55	19.7918	3090.0	391.714	13197.125	241	87.6412	13176.0	7680.98	5894.125	102	40.6393	5891.0	1651.55	17401.750	313	118.153	17384.5	13960.2	25551.000	850	271.285	25568.5	73595.7	27975.875	933	295.295	27995.0	87199.3	24704.625	808	257.204	24710.5	66153.7	12633.375	405	129.286	12636.5	16714.8	3465.750	104	33.1652	3468.0	1099.93
moving	2810.500	1266	500.071	3101.0	250071	11966.750	5431	2140.89	13211.5	4.58343e+06	5322.500	2455	973.791	5892.5	948268	15820.750	7028	2758.64	17409.5	7.6101e+06	23114.500	10699	4413.02	24896.0	1.94747e+07	25097.625	11845	4923.55	27089.5	2.42413e+07	21969.625	10574	4392.1	23821.5	1.92906e+07	11227.125	5425	2257.98	12188.5	5.09849e+06	3286.375	805	318.936	3404.5	101720
moving	1767.125	514	157.833	1753.5	24911.3	7453.375	2259	691.802	7397.0	478591	3302.500	942	290.055	3275.5	84132	9939.125	2964	909.914	9858.5	827943	14756.625	6910	2082.04	14364.5	4.33488e+06	16003.000	7415	2233.65	15603.0	4.98918e+06	14083.750	6257	1879.94	13763.0	3.53419e+06	7206.875	3153	947.944	7045.5	898598	2654.000	766	222.768	2614.0	49625.4
uncoupled	1816.875	144	58.1241	1811.0	3378.41	7652.125	635	255.721	7626.5	65393.3	3397.125	264	109.173	3393.0	11918.7	10252.875	823	339.014	10237.0	114931	15106.750	709	249.876	15053.5	62437.9	16321.375	787	278.161	16257.5	77373.7	14322.875	695	244.767	14263.0	59910.7	7329.375	351	122.898	7297.5	15104	2712.500	83	27.2134	2708.0	740.571
uncoupled	1832.500	86	27.2606	1828.5	743.143	7714.250	376	120.815	7698.5	14596.2	3437.875	161	50.3174	3430.0	2531.84	10371.875	500	155.981	10346.5	24330.1	15305.000	892	306.707	15260.5	94069.4	16547.250	983	337.658	16512.5	114013	14530.125	848	288.56	14509.5	83266.7	7440.375	423	144.272	7428.0	20814.3	2741.250	99	32.1992	2730.0	1036.79
uncoupled	1836.000	95	34.8302	1831.5	1213.14	7725.500	410	149.548	7705.0	22364.6	3448.500	177	64.8999	3439.0	4212	10406.000	555	203.664	10378.5	41478.9	15428.125	795	303.577	15390.5	92159.3	16663.250	853	327.936	16618.5	107542	14606.250	725	276.676	14565.0	76549.6	7483.625	366	140.391	7462.5	19709.7	2759.500	112	37.7927	2757.5	1428.29
uncoupled	1941.875	105	32.6472	1949.0	1065.84	8178.250	444	137.995	8212.5	19042.5	3645.875	190	58.6672	3659.0	3441.84	11014.625	599	185.581	11057.0	34440.3	16140.875	958	292.524	16173.0	85570.4	17440.000	953	298.358	17497.0	89017.4	15274.750	758	242.661	15345.0	58884.5	7820.375	390	123.672	7852.5	15294.8	2845.125	111	35.5465	2852.5	1263.55
moving	3434.375	1722	555.536	3589.5	308620	14829.000	7767	2482.75	15440.5	6.16403e+06	6561.625	3414	1087.28	6886.0	1.18218e+06	19301.125	9714	3070.32	20102.0	9.42687e+06	28461.500	7228	2744.94	29382.0	7.53468e+06	31240.000	8193	3106.19	32198.5	9.64841e+06	27487.875	7202	2811.22	28342.5	7.90294e+06	14015.375	3575	1389.15	14405.5	1.92974e+06	3933.875	1025	388.772	4039.0	151144
moving	3488.250	1281	480.782	3318.5	231151	15046.625	5747	2162.82	14276.5	4.67777e+06	6593.500	2435	921.304	6289.5	848802	19414.250	7086	2645.34	18479.5	6.99783e+06	28326.750	16008	4738.44	28223.5	2.24528e+07	31006.125	17444	5172.73	30971.5	2.67571e+07	27251.625	15284	4570.96	27189.0	2.08937e+07	13875.125	7721	2301.73	13825.5	5.29796e+06	3920.125	2057	617.505	3875.0	381313
moving	3305.625	1274	521.038	3414.0	271481	14332.000	5869	2371.67	14793.5	5.62482e+06	6207.250	2463	990.825	6411.0	981734	18259.875	6893	2813.82	18914.0	7.91761e+06	26615.375	20334	6480.25	29112.5	4.19936e+07	28888.875	21879	6987.85	31690.5	4.88301e+07	25181.125	18793	6013.03	27715.5	3.61565e+07	12800.750	9376	2987.95	14062.5	8.92784e+06	3629.625	2704	838.276	3959.5	702706
moving	3759.375	1388	443.414	3726.5	196616	16276.750	6225	1978.86	16113.0	3.91589e+06	7079.000	2616	837.467	7021.5	701351	20848.250	7492	2415.83	20690.5	5.83621e+06	30174.500	12619	4802.83	29318.5	2.30671e+07	32492.000	13713	5053.36	31846.0	2.55364e+07	28038.750	11656	4255.9	27718.5	1.81127e+07	14262.875	5728	2143.28	14086.5	4.59364e+06	4058.875	1542	583.611	3963.0	340602
moving	1020.125	3670	1651.46	131.5	2.72731e+06	4114.125	16286	7333.42	159.5	5.37791e+07	1881.625	6947	3114.02	203.5	9.6971e+06	5306.375	20804	9346.9	267.5	8.73645e+07	4237.000	31354	11076.5	329.0	1.2269e+08	4560.875	33254	11745.7	423.0	1.37962e+08	4070.500	28257	9976.09	560.5	9.95224e+07	2425.500	14047	4952.88	685.5	2.4531e+07	1887.250	2919	961.742	1646.5	924948
moving	592.000	971	501.612	554.0	251615	3305.875	6481	3378.08	3060.5	1.14114e+07	1120.000	1921	995.588	1045.0	991195	2335.000	4284	2226.78	2170.0	4.95854e+06	2014.625	3501	1841.49	2035.0	3.39108e+06	1562.500	2493	1285.95	1594.0	1.65367e+06	1309.375	1767	874.233	1354.5	764283	839.250	662	267.962	898.5	71803.6	1006.375	1266	611.468	700.0	373893
coupled	3583.375	252	91.2484	3605.0	8326.27	15185.250	1123	404.434	15278.0	163567	6746.875	525	184.284	6793.0	33960.4	20066.625	1443	514.268	20205.5	264472	29987.250	1903	619.565	30009.0	383861	33006.375	1921	668.803	33104.0	447297	28858.125	1619	595.33	29003.0	354418	14807.750	825	299.726	14880.5	89835.6	4066.875	209	75.5748	4063.5	5711.55
coupled	3645.625	510	170.476	3705.0	29062	15446.875	2216	735.832	15693.5	541449	6870.500	978	312.094	6948.5	97402.6	20432.500	2798	924.584	20725.5	854855	29942.125	5007	1658.02	30536.0	2.74902e+06	32879.875	5005	1604.5	33420.0	2.57441e+06	28729.500	3872	1197.29	29001.5	1.4335e+06	14758.250	1934	597.317	14892.0	356787	4057.125	564	175.609	4107.5	30838.7
coupled	3221.250	560	223.227	3176.5	49830.5	13604.875	2479	988.063	13358.5	976268	6084.125	1064	426.945	5990.0	182282	18047.250	3099	1234.22	17833.5	1.5233e+06	27420.500	4722	1560.68	27898.5	2.43571e+06	30407.500	5320	1769.15	30998.5	3.12989e+06	26855.125	4804	1628.02	27478.0	2.65046e+06	13808.500	2411	812.176	14112.5	659630	3773.875	603	202.263	3838.5	40910.1
moving	3179.125	759	228.304	3176.5	52122.7	13358.500	3318	997.94	13375.5	995885	5962.875	1529	458.695	5929.0	210401	17791.500	4239	1276.1	17752.5	1.62844e+06	25824.625	2680	864.675	25848.0	747662	28628.875	2408	865.676	28657.0	749395	25277.625	2128	750.654	25143.5	563482	13002.875	1113	384.99	12921.5	148217	3704.000	302	99.3982	3708.5	9880
moving	3465.500	1141	397.454	3248.0	157970	14586.875	4859	1719.97	13603.0	2.95829e+06	6507.000	2231	777.741	6106.5	604881	19435.000	6377	2203.59	18289.0	4.85579e+06	28454.375	13193	4826.11	26770.5	2.32913e+07	31237.250	14274	5264.7	29385.0	2.7717e+07	27193.625	12501	4603.78	25563.5	2.11948e+07	13985.625	6357	2342.29	13166.5	5.48633e+06	3946.625	1472	508.284	3754.5	258353
moving	2043.125	1716	584.88	2010.5	342085	8473.875	7303	2482.38	8350.0	6.16223e+06	3824.750	3213	1095.21	3768.5	1.19949e+06	11396.250	9820	3346.74	11260.0	1.12007e+07	18181.125	13737	5587.35	17215.0	3.12184e+07	20123.750	14982	6076.31	19205.5	3.69216e+07	17651.750	12788	5199.38	16965.5	2.70335e+07	9188.000	6339	2589.41	8791.5	6.70506e+06	3120.625	845	258.83	3175.5	66993.1
uncoupled	1655.375	381	130.897	1630.5	17134	6795.750	1654	565.816	6686.0	320148	3091.875	698	238.701	3047.5	56978.1	9161.125	2210	756.617	9020.0	572469	13876.125	2681	972.585	13640.5	945921	15400.500	2823	1038.48	15169.5	1.07845e+06	13608.000	2338	873.232	13416.0	762534	7165.000	1127	419.798	7085.5	176230	3012.625	396	125.904	3010.5	15851.7
uncoupled	1870.875	300	101.898	1910.0	10383.3	7756.125	1308	446.206	7935.5	199100	3490.250	564	193.135	3571.0	37301.1	10455.875	1787	607.836	10701.0	369465	15988.250	1470	632.714	16025.5	400326	17646.375	1680	694.22	17674.0	481941	15493.500	1580	616.401	15511.0	379950	8098.500	807	315.381	8109.5	99465.4	2865.125	242	76.8495	2865.0	5905.84
uncoupled	1838.500	181	54.0502	1829.5	2921.43	7599.375	755	223.732	7567.5	50056	3421.250	323	94.8875	3410.0	9003.64	10199.750	1018	297.241	10162.0	88351.9	15084.500	1018	313.526	15103.0	98298.6	16739.750	1246	377.474	16752.5	142486	14803.750	1182	353.165	14815.0	124725	7752.375	583	173.063	7753.5	29950.8	2987.750	342	107.374	2950.5	11529.1
moving	1707.875	308	109.468	1712.0	11983.3	7032.125	1332	467.661	7036.5	218707	3192.750	560	197.758	3183.5	39108.2	9462.625	1748	620.676	9458.0	385239	15853.125	17903	5964.22	14019.5	3.55719e+07	17609.500	19400	6479.88	15654.0	4.19888e+07	15598.875	16789	5631.23	13930.0	3.17107e+07	8159.375	8451	2837.7	7302.5	8.05255e+06	3060.125	1266	418.278	2909.5	174957
moving	2741.750	2260	748.664	2771.0	560497	11552.250	9769	3229.93	11696.0	1.04324e+07	5141.625	4240	1415.95	5207.5	2.00493e+06	15321.500	12633	4207.12	15544.5	1.76998e+07	26218.750	13219	4533.77	26418.5	2.05551e+07	28916.375	14688	4931.15	29085.5	2.43163e+07	25503.250	13119	4311.08	25564.5	1.85854e+07	13140.375	6690	2198.54	13166.0	4.83356e+06	3578.625	1415	491.416	3591.0	241490
moving	2746.250	3419	1031.78	2789.0	1.06457e+06	11523.875	15123	4518.91	11714.0	2.04206e+07	5139.625	6433	1941.6	5212.0	3.7698e+06	15152.125	19472	5848.5	15475.5	3.4205e+07	22109.625	18327	5908.61	23150.0	3.49117e+07	24771.750	20390	6580.5	25707.5	4.33029e+07	22010.500	17856	5792.76	22665.0	3.35561e+07	11353.250	8812	2868.27	11637.5	8.22697e+06	3449.000	1232	382.232	3489.0	146101
moving	2132.250	1476	568.258	2155.5	322918	8885.875	6526	2510.54	9011.0	6.30282e+06	3958.375	2750	1060.64	3998.5	1.12497e+06	11758.375	8481	3274.12	11931.5	1.07199e+07	19684.000	16111	5258.61	20245.5	2.7653e+07	21697.125	17325	5672.05	22209.0	3.21721e+07	18990.500	14908	4874.2	19373.5	2.37579e+07	9816.875	7423	2428.54	9988.0	5.8978e+06	3137.125	1263	439.932	3080.0	193540
moving	2671.875	2287	852.819	2569.5	727300	11287.250	10019	3708.8	10859.0	1.37552e+07	4974.375	4271	1585.79	4806.0	2.51474e+06	14851.875	12870	4778.11	14387.0	2.28304e+07	22294.125	15086	5434.95	20642.0	2.95387e+07	24264.875	16160	5814.38	22455.5	3.38071e+07	21015.250	13800	4965.7	19431.0	2.46582e+07	10839.000	6896	2474.13	10033.5	6.1213e+06	3414.000	1108	367.104	3474.0	134765
moving	1098.125	3370	1357.57	429.5	1.84299e+06	3847.625	15066	6244.74	572.5	3.89967e+07	1924.125	6390	2596.81	624.0	6.74343e+06	5111.250	19620	8137.9	870.0	6.62254e+07	9864.500	40599	16718.9	1031.0	2.79522e+08	10906.625	43859	18027.4	1432.5	3.24988e+08	10000.875	37144	15176.8	2089.5	2.30334e+08	6217.125	17873	7100.97	2732.5	5.04238e+07	5874.500	2513	812.164	6057.5	659611
moving	764.875	661	208.644	711.5	43532.1	2209.625	6220	2639.94	852.5	6.96927e+06	1239.250	1570	539.915	1044.5	291508	2053.875	3813	1478.98	1369.5	2.18739e+06	1987.500	3404	1190.95	1645.5	1.41837e+06	2124.125	2430	769.743	2286.5	592504	2514.125	2775	961.215	2946.0	923934	3038.000	4112	1833.53	4145.0	3.36182e+06	6795.625	10091	4816.09	9798.5	2.31947e+07
uncoupled	2710.250	100	31.0196	2707.5	962.214	11452.500	425	132.765	11432.5	17626.6	5268.125	165	53.3839	5252.0	2849.84	15715.375	559	174.735	15689.0	30532.3	22962.750	1038	334.532	22983.0	111912	25564.375	1007	330.714	25599.5	109372	22719.625	742	254.279	22763.5	64658	11587.750	357	123.532	11609.0	15260.2	3260.000	116	37.8757	3265.0	1434.57
uncoupled	2795.750	139	46.8333	2813.0	2193.36	11827.625	603	203.491	11900.5	41408.6	5421.375	245	81.8866	5451.0	6705.41	16191.500	781	262.021	16287.0	68654.9	23685.125	1050	353.064	23787.5	124654	26269.000	1013	333.028	26355.0	110907	23254.125	753	239.822	23304.5	57514.7	11861.875	374	119.109	11888.5	14187	3346.000	119	38.4782	3356.0	1480.57
coupled	2837.875	35	12.0882	2834.5	146.125	12026.750	169	56.7771	12012.0	3223.64	5490.750	62	20.7209	5485.0	429.357	16407.750	185	61.6134	16388.0	3796.21	23984.000	303	107.15	23941.5	11481.1	26518.375	294	98.4348	26485.0	9689.41	23396.250	221	73.1354	23382.0	5348.79	11932.375	111	37.0518	11924.5	1372.84	3373.750	38	12.9918	3368.5	168.786
coupled	2857.375	104	30.0092	2851.0	900.554	12115.750	450	130.428	12087.5	17011.4	5521.125	185	53.4427	5511.5	2856.12	16498.875	577	166.455	16471.5	27707.3	24154.875	697	227.524	24069.0	51767	26667.875	693	228.346	26585.5	52141.8	23477.875	534	176.283	23419.5	31075.6	11975.750	265	87.5504	11947.0	7665.07	3391.375	84	27.3806	3381.5	749.696
uncoupled	2749.875	624	202.368	2834.5	40953	11648.375	2720	883.454	12017.5	780492	5309.625	1242	407.667	5488.0	166192	15889.375	3538	1144.05	16364.5	1.30884e+06	22893.500	4789	1713.32	23810.5	2.93548e+06	25284.250	5179	1856.48	26305.5	3.44652e+06	22312.375	4379	1576.8	23216.5	2.48629e+06	11380.125	2266	818.508	11853.5	669956	3301.250	323	108.56	3348.5	11785.4
uncoupled	2419.000	166	54.8713	2421.5	3010.86	10185.375	716	234.009	10196.0	54760	4613.000	324	105.671	4614.5	11166.3	13971.375	943	307.4	13989.5	94494.6	20247.750	1379	455.855	20285.5	207803	22452.875	1594	515.726	22468.0	265973	19837.250	1429	457.056	19854.5	208900	10097.500	740	236.312	10099.5	55843.1	3156.125	125	40.685	3158.5	1655.27
uncoupled	2602.875	389	132.707	2580.0	17611.3	10975.375	1675	572.546	10874.0	327809	4962.500	778	262.373	4925.5	68839.7	15001.625	2198	748.715	14874.5	560574	21937.625	3522	1162.69	21778.0	1.35185e+06	24253.125	4031	1291.22	24163.0	1.66724e+06	21354.500	3651	1145.56	21344.5	1.31231e+06	10873.750	1881	589.876	10870.0	347954	3306.875	304	101.49	3287.5	10300.1
uncoupled	2249.250	386	145.686	2222.5	21224.5	9441.750	1666	631.815	9325.0	399190	4260.625	748	282.822	4212.0	79988.3	12980.125	2258	854.314	12823.0	729852	18790.750	3474	1305.83	18294.0	1.7052e+06	20638.875	3919	1469.7	20132.5	2.16002e+06	18150.375	3390	1264.88	17756.5	1.59992e+06	9211.875	1758	654.642	9000.5	428556	3050.250	310	116.479	3011.0	13567.4
uncoupled	2206.125	89	30.4651	2219.0	928.125	9239.750	379	130.806	9294.5	17110.2	4178.875	173	58.6721	4202.5	3442.41	12741.125	532	179.512	12812.0	32224.7	18659.375	542	216.26	18735.5	46768.6	20485.125	578	233.849	20555.5	54685.6	18032.125	486	196.744	18084.0	38708.1	9159.000	251	102.386	9188.0	10482.9	3049.500	56	19.8062	3053.0	392.286
uncoupled	2427.125	288	102.135	2428.0	10431.6	10184.250	1256	448.321	10192.5	200992	4596.250	555	199.511	4598.0	39804.8	14015.250	1677	595.461	14015.5	354574	20609.000	2582	986.029	20881.5	972254	22660.875	2834	1102.06	22992.0	1.21453e+06	19916.750	2420	959.041	20227.5	919760	10136.250	1256	498.881	10298.5	248882	3254.375	221	87.6404	3277.0	7680.84
uncoupled	2271.125	100	34.5106	2263.5	1190.98	9493.000	428	146.399	9459.5	21432.6	4290.375	184	62.0989	4271.0	3856.27	13121.500	598	204.131	13073.0	41669.4	19248.125	913	334.484	19270.5	111879	21045.250	861	323.778	21067.5	104832	18448.250	627	243.23	18458.0	59160.8	9377.625	332	127.011	9385.0	16131.7	3143.500	87	32.1825	3149.0	1035.71
moving	2616.375	1737	649.545	2245.5	421908	11098.125	7908	2970.88	9373.0	8.82615e+06	4974.250	3431	1281.97	4235.5	1.64343e+06	15087.375	9925	3703.48	12985.5	1.37158e+07	20927.000	11895	4211.19	18788.5	1.77341e+07	22717.375	12819	4529.58	20449.5	2.05171e+07	19669.375	10751	3782.27	17873.5	1.43055e+07	9991.625	5439	1913.62	9087.0	3.66194e+06	3082.750	1808	489.719	3063.5	239825
moving	2811.750	876	303.662	2720.0	92210.8	12061.000	3809	1322.07	11645.0	1.74787e+06	5380.625	1663	581.755	5200.0	338439	16222.000	4957	1731.64	15694.0	2.99858e+06	22349.875	9340	2864.94	22577.5	8.20789e+06	24331.500	10131	3115.06	24623.5	9.70357e+06	21022.500	8733	2692.28	21300.0	7.24838e+06	10688.250	4428	1363	10829.5	1.85777e+06	3030.250	1072	340.032	3060.5	115622
moving	3074.750	1065	364.945	3033.0	133184	13204.000	4754	1621.44	12994.5	2.62906e+06	5861.375	2065	704.846	5778.0	496808	17634.500	6133	2090.09	17365.0	4.36849e+06	24343.000	12268	3953.89	25544.0	1.56332e+07	26382.000	13139	4210.93	27643.5	1.77319e+07	22618.500	11208	3571.93	23647.5	1.27587e+07	11513.875	5660	1804.35	12038.0	3.25566e+06	3262.625	1526	475.814	3363.0	226399
moving	2782.000	992	347.611	2832.0	120833	11895.375	4338	1524.71	12114.0	2.32475e+06	5300.375	1939	677.928	5394.0	459587	15943.750	5710	2001.83	16237.5	4.00731e+06	23307.375	7218	2333.09	23674.5	5.44329e+06	25338.125	7842	2513.81	25701.5	6.31925e+06	21767.375	6820	2166.82	22059.5	4.69512e+06	11083.125	3473	1100.49	11233.0	1.21109e+06	3131.500	1155	364.833	3209.5	133103
moving	2514.875	2038	733.343	2716.0	537792	10748.500	8875	3185.59	11597.5	1.0148e+07	4813.125	3933	1419.32	5205.0	2.01446e+06	14433.000	11679	4198.31	15576.0	1.76258e+07	22214.625	10697	3794.18	21743.5	1.43958e+07	24237.375	11503	4089.45	23770.5	1.67236e+07	20941.875	9775	3519.72	20552.5	1.23884e+07	10660.625	4936	1774.28	10475.5	3.14807e+06	3055.875	1277	507.801	3007.5	257862
moving	2668.625	1805	576.325	2831.0	332150	11452.250	7878	2513.95	12159.0	6.31993e+06	5115.000	3528	1119.19	5423.5	1.25258e+06	15352.500	10413	3313.77	16271.0	1.09811e+07	22917.500	13868	4620.8	24620.0	2.13518e+07	24877.625	14985	4950.69	26694.5	2.45094e+07	21444.250	12859	4220	22989.0	1.78084e+07	10892.250	6493	2126.96	11674.5	4.52394e+06	3207.500	1661	561.148	3411.0	314887
moving	2121.750	3258	1271.28	2651.5	1.61614e+06	9089.250	14078	5478.76	11327.5	3.00168e+07	4052.500	6227	2422.04	5049.5	5.8663e+06	12144.375	18735	7327.42	15206.0	5.36911e+07	16188.625	28285	12672	22660.0	1.6058e+08	17567.250	30582	13632.8	24530.5	1.85853e+08	15198.875	26236	11602.7	21080.0	1.34622e+08	7727.000	13301	5868.16	10709.5	3.44352e+07	2246.500	3835	1765.72	3200.5	3.11775e+06
moving	285.000	746	377.004	19.5	142132	944.250	2519	1267.14	48.5	1.60564e+06	365.625	909	461.165	42.0	212673	1106.625	2930	1481.72	66.0	2.1955e+06	1847.625	4308	2131.18	778.0	4.54192e+06	1945.750	4572	2258.28	846.5	5.09984e+06	1723.875	3951	1944.46	816.0	3.78091e+06	949.375	2194	1081.46	452.5	1.16956e+06	306.500	630	310.822	169.5	96610.3
coupled	2580.000	67	21.051	2585.5	443.143	10587.000	292	89.012	10611.0	7923.14	4919.250	140	46.5242	4932.0	2164.5	14629.625	399	129.248	14659.0	16705.1	21759.750	395	121.804	21789.0	14836.2	24933.375	411	141.969	24991.0	20155.1	22831.125	335	120.779	22895.5	14587.6	11958.875	168	59.5853	11986.5	3550.41	3027.500	36	12.5471	3032.5	157.429
coupled	2568.875	26	8.55966	2569.5	73.2679	10535.500	109	36.3357	10540.5	1320.29	4902.250	48	15.8723	4904.5	251.929	14570.250	149	49.3667	14572.5	2437.07	21644.750	130	57.0933	21617.5	3259.64	24884.625	153	62.9919	24859.5	3967.98	22783.375	137	57.1038	22775.0	3260.84	11907.875	81	32.4497	11900.0	1052.98	3021.500	15	6.11789	3019.5	37.4286
coupled	2575.875	29	10.0062	2573.5	100.125	10578.375	135	46.4018	10568.0	2153.12	4914.875	52	17.5046	4910.5	306.411	14613.875	169	55.9705	14603.5	3132.7	21768.750	388	124.998	21770.0	15624.5	24943.250	330	114.167	24910.5	13034.2	22748.750	215	84.3898	22725.5	7121.64	11872.375	104	39.749	11863.0	1579.98	3030.875	36	11.7283	3027.5	137.554
coupled	2593.125	51	17.9319	2601.5	321.554	10662.375	221	77.6364	10696.5	6027.41	4950.500	89	30.2135	4964.5	912.857	14723.125	272	93.5696	14763.0	8755.27	21899.125	541	198.933	21988.0	39574.4	25019.500	588	217.221	25121.0	47184.9	22768.750	465	181.205	22812.0	32835.1	11882.375	232	89.8013	11903.0	8064.27	3041.750	52	19.241	3051.5	370.214
coupled	2603.375	174	66.0085	2622.0	4357.12	10687.625	740	280.377	10767.0	78611.4	4956.000	324	119.708	4986.0	14330	14765.250	963	365.402	14867.5	133519	21985.750	1754	611.479	22250.0	373907	25121.375	1930	673.461	25402.0	453549	22864.500	1668	580.879	23101.0	337420	11914.250	848	292.796	12032.5	85729.4	3077.750	193	71.4758	3113.0	5108.79
coupled	2648.250	120	38.5737	2659.0	1487.93	10903.625	540	175.66	10960.0	30856.6	5038.750	225	72.8045	5061.5	5300.5	15016.750	671	215.256	15078.5	46335.4	22415.000	452	142.087	22437.0	20188.9	25516.750	500	152.527	25531.0	23264.5	23164.500	444	132.995	23190.0	17687.7	12050.375	222	66.1166	12060.5	4371.41	3113.125	40	11.7527	3113.0	138.125
coupled	2676.125	26	7.58641	2675.5	57.5536	11025.375	120	34.7971	11024.5	1210.84	5086.625	39	12.1765	5087.0	148.268	15147.750	121	36.4525	15146.0	1328.79	22524.500	163	58.8023	22517.0	3457.71	25673.125	140	53.6135	25672.0	2874.41	23317.625	132	44.1327	23300.5	1947.7	12113.375	62	21.0912	12106.0	444.839	3127.500	13	4.92805	3127.0	24.2857
moving	2627.875	616	212.406	2701.5	45116.1	10846.000	2520	867.086	11145.5	751839	4995.125	1140	393.758	5130.5	155045	14895.750	3394	1169.24	15304.5	1.36711e+06	21745.000	8287	2876.71	22702.0	8.27547e+06	24664.375	9280	3235.59	25805.5	1.0469e+07	22291.625	8407	2939.97	23385.0	8.64345e+06	11582.375	4312	1508.17	12141.0	2.27459e+06	2937.750	1616	565.516	3140.5	319808
uncoupled	1702.250	165	62.7096	1699.5	3932.5	7097.625	685	259.853	7081.5	67523.4	3273.625	310	117.664	3269.0	13844.8	9796.625	974	370.23	9777.5	137070	14671.125	1474	515.51	14615.0	265750	16735.750	1566	545.258	16710.0	297307	15103.625	1343	466.775	15112.0	217879	7898.625	697	243.215	7902.0	59153.4	1515.750	226	79.1865	1510.5	6270.5
uncoupled	1693.625	177	72.3068	1667.5	5228.27	7061.500	736	299.439	6958.0	89663.7	3255.875	329	134.132	3208.5	17991.3	9726.000	1004	408.984	9580.0	167268	14727.625	1465	562.411	14634.0	316306	16844.250	1635	627.8	16736.5	394133	15234.250	1460	563.675	15130.0	317730	7968.000	766	296.444	7911.0	87878.9	1509.250	188	73.3441	1492.0	5379.36
uncoupled	1670.750	122	46.9004	1664.0	2199.64	6973.500	504	193.955	6947.5	37618.6	3214.000	226	86.7113	3202.0	7518.86	9594.875	697	267.209	9557.0	71400.4	14406.750	895	349.043	14332.0	121831	16456.125	1002	393.185	16370.5	154595	14861.375	899	354.73	14778.0	125834	7777.375	467	184.776	7734.5	34142.3	1443.375	130	50.8413	1429.0	2584.84
uncoupled	1634.875	36	13.7471	1630.5	188.982	6826.250	158	59.1747	6807.5	3501.64	3145.625	62	22.953	3138.0	526.839	9389.875	204	76.1323	9369.0	5796.12	14188.500	474	146.862	14184.0	21568.6	16150.500	423	141.753	16134.0	20094	14544.500	298	113.504	14522.5	12883.1	7611.625	155	58.302	7602.5	3399.12	1402.500	49	17.411	1399.5	303.143
moving	2157.625	1005	460.544	2315.0	212101	8926.000	4022	1852.67	9543.0	3.43237e+06	4118.250	1870	854.82	4401.5	730718	12314.250	5626	2567.77	13170.5	6.59346e+06	18255.625	8139	3648.08	18231.5	1.33085e+07	20611.375	8966	4021.76	20569.0	1.61746e+07	18549.500	8047	3604.16	18580.5	1.299e+07	9715.375	4213	1889.94	9732.0	3.57186e+06	2276.500	1626	747.631	2467.5	558951
moving	2004.250	385	124.533	2019.0	15508.5	8166.125	1565	505.37	8216.5	255399	3809.750	731	235.272	3845.0	55352.8	11397.125	2137	693.29	11483.5	480650	17969.125	3547	1400.05	18546.5	1.96014e+06	20588.375	3699	1504.46	21247.5	2.26339e+06	18838.375	3254	1332.89	19426.5	1.77661e+06	9883.375	1674	683.431	10187.5	467078	2592.375	544	201.351	2677.5	40542.3
moving	2169.500	433	123.074	2181.5	15147.1	8802.625	1737	491.796	8841.0	241864	4108.000	790	222.693	4122.0	49592.3	12310.250	2374	675.224	12360.0	455927	18178.125	4885	1828.45	17821.5	3.34321e+06	20879.875	5563	2054.96	20525.0	4.22287e+06	19112.125	5043	1858.05	18860.5	3.45237e+06	9999.750	2583	949.864	9879.5	902242	2610.250	799	312.058	2596.0	97380.5
moving	2189.250	561	169.896	2199.0	28864.8	8892.000	2284	693.369	8916.0	480761	4145.750	1056	322.85	4160.0	104232	12423.125	3164	956.702	12478.5	915278	18788.125	2359	833.821	18785.5	695257	21559.000	2787	999.473	21540.5	998945	19688.125	2624	929.23	19695.0	863469	10321.875	1389	494.889	10313.5	244915	2759.125	258	94.872	2762.5	9000.7
moving	1635.750	2455	1024.05	2014.0	1.04867e+06	6645.125	10012	4170.87	8172.0	1.73961e+07	3101.750	4647	1936.23	3800.5	3.74897e+06	9312.125	13986	5844.18	11489.0	3.41544e+07	11474.125	21099	9749.48	15582.0	9.50523e+07	13122.125	24212	11183.4	17792.5	1.25067e+08	11969.250	22029	10177.1	16222.5	1.03572e+08	6254.500	11534	5327.66	8466.0	2.8384e+07	1727.625	3027	1421.49	2480.0	2.02062e+06
moving	314.750	728	359.648	148.0	129346	1020.625	2364	1168.62	501.5	1.36568e+06	406.625	898	443.761	209.5	196924	1247.750	2917	1441.72	586.0	2.07857e+06	2219.500	4475	2323.91	2015.0	5.40058e+06	2409.500	4916	2554.49	2187.0	6.52544e+06	2136.500	4288	2235.52	1966.5	4.99756e+06	1172.875	2364	1237.33	1094.5	1.53098e+06	346.750	637	331.596	322.5	109956
moving	1689.375	2916	1442.99	2192.5	2.08222e+06	6947.375	12308	6103.86	9085.0	3.7257e+07	2723.000	4682	2317.45	3533.5	5.37057e+06	8148.875	14360	7117.6	10631.0	5.06603e+07	12065.375	23784	12689.7	12082.0	1.61029e+08	12359.500	24341	12979	12383.0	1.68456e+08	9469.125	18402	9795.34	9500.0	9.59486e+07	4751.625	8932	4723.69	4790.5	2.23132e+07	1871.375	2598	1314.23	1940.0	1.7272e+06
moving	1370.000	3402	1730.66	150.5	2.99518e+06	5561.375	14588	7436.73	260.5	5.53049e+07	2597.000	6498	3305.58	270.0	1.09269e+07	7591.375	19734	10064.5	433.0	1.01293e+08	14760.000	29458	15482.7	14454.0	2.39715e+08	16467.375	32688	17247.8	16217.5	2.97485e+08	14928.625	29146	15465.4	14839.5	2.3918e+08	7808.750	14696	7793.57	7795.5	6.07398e+07	2548.125	3249	1695.15	2563.5	2.87355e+06
coupled	3587.250	159	48.5644	3595.5	2358.5	15094.375	715	218.716	15132.5	47836.8	6822.000	302	90.0746	6836.5	8113.43	20403.625	896	259.725	20439.0	67456.8	29599.750	826	280.327	29597.5	78583.1	33093.875	747	266.801	33167.5	71183	29853.875	704	270.574	29972.5	73210.4	15311.375	325	126.44	15366.5	15987.1	4187.375	90	30.6591	4194.0	939.982
coupled	3641.250	112	40.7247	3638.0	1658.5	15310.250	482	176.582	15291.5	31181.4	6885.500	200	72.4332	6876.5	5246.57	20570.500	599	219.386	20547.0	48130	29995.500	1111	409.151	30033.5	167404	33721.000	1075	380.966	33765.0	145135	30492.750	762	260.432	30520.5	67824.8	15590.625	370	127.736	15603.0	16316.6	4254.750	124	43.8072	4260.0	1919.07
moving	3130.125	928	374.8	3046.5	140475	13165.125	3992	1578.29	12827.0	2.49098e+06	5894.375	1792	721.774	5704.0	520957	17776.375	5132	2052.2	17373.5	4.21151e+06	23628.500	16487	5504.72	24996.0	3.03019e+07	26195.000	18690	6190.81	27543.0	3.83262e+07	23280.750	16919	5606.6	24277.5	3.1434e+07	11934.875	8579	2835.87	12426.0	8.04218e+06	3413.875	1761	634.552	3507.5	402656
moving	2964.125	1099	337.405	2971.0	113842	12474.125	4681	1461.24	12539.5	2.13521e+06	5601.000	2044	638.255	5627.5	407370	16943.500	6436	1961.46	16984.5	3.84731e+06	20451.250	15405	5851.64	22586.0	3.42417e+07	22759.750	16779	6461.11	25348.0	4.1746e+07	20270.875	14765	5756.98	22785.0	3.31428e+07	10419.875	7376	2874.28	11655.0	8.26146e+06	2987.750	1979	774.272	3381.5	599496
moving	2763.125	2181	891.334	3296.0	794476	11641.250	9570	3861.64	13981.5	1.49123e+07	5218.375	4162	1686.91	6227.0	2.84566e+06	15716.875	12491	5093.69	18763.5	2.59457e+07	24900.375	14746	5445.87	27618.5	2.96575e+07	27802.750	16077	5947.65	30939.5	3.53746e+07	24918.875	14166	5232.67	27731.0	2.73808e+07	12739.000	7107	2626.09	14132.0	6.89636e+06	3490.125	1986	725.744	3859.0	526705
moving	2955.375	803	306.847	2944.5	94154.8	12526.750	3481	1316.83	12439.0	1.73405e+06	5566.250	1496	576.358	5544.0	332189	16725.750	4511	1721.54	16691.0	2.96371e+06	24011.125	7608	2924.43	22497.5	8.55231e+06	26793.750	8382	3230.24	25143.5	1.04344e+07	23956.500	7487	2858.37	22544.5	8.17025e+06	12243.750	3754	1430.29	11560.0	2.04573e+06	3317.500	1215	457.621	3081.0	209417
uncoupled	2238.000	515	166.574	2186.5	27746.9	9465.125	2211	713.882	9245.0	509628	4214.250	961	310.239	4117.5	96247.9	12680.875	2914	940.447	12391.0	884440	18164.875	3393	1051.43	17940.5	1.10551e+06	20300.500	3712	1148.41	20051.5	1.31884e+06	18146.625	3293	1016.57	17922.0	1.03341e+06	9334.125	1667	514.238	9221.5	264440	2421.500	459	142.552	2391.5	20321.1
uncoupled	1929.250	136	47.4545	1921.0	2251.93	8138.375	583	202.832	8106.0	41140.8	3634.625	256	88.6017	3619.5	7850.27	10907.625	798	275.998	10863.0	76175.1	15973.500	1087	362.245	15954.0	131222	17905.000	1176	383.9	17881.0	147379	16026.125	1023	327.191	16001.5	107054	8258.000	517	165.839	8245.0	27502.6	2129.500	130	42.0238	2124.5	1766
uncoupled	1855.250	40	14.028	1858.0	196.786	7834.125	171	59.6931	7838.0	3563.27	3493.500	76	26.6029	3499.0	707.714	10459.375	230	80.8454	10478.5	6535.98	15403.500	332	105.927	15415.0	11220.6	17266.750	346	108.888	17276.0	11856.5	15442.375	333	97.4459	15434.0	9495.7	7960.625	167	48.7733	7957.0	2378.84	2060.375	37	11.7466	2062.0	137.982
moving	2590.375	1431	746.779	2601.5	557678	10877.125	5902	3079.48	10922.5	9.48321e+06	4432.125	1806	934.114	4450.5	872568	13313.125	5479	2828.96	13374.5	8.00303e+06	19373.000	21982	7993.74	20943.5	6.38999e+07	20319.875	22362	7871.67	22112.5	6.19632e+07	16274.625	16773	5687.31	17916.5	3.23455e+07	8165.375	8050	2721.47	8994.5	7.40638e+06	2578.250	2335	881.22	2726.5	776549
coupled	3600.500	311	90.7146	3592.0	8229.14	16003.750	1182	345.853	15944.5	119614	6878.375	501	152.349	6876.5	23210.3	20225.500	1529	449.986	20146.0	202487	28621.250	1787	622.168	28387.0	387093	30668.625	1177	425.501	30555.0	181051	27012.750	505	186.081	26961.0	34626.2	13756.750	225	91.2716	13732.0	8330.5	4006.750	104	36.9507	4004.5	1365.36
coupled	3650.000	52	14.7938	3651.0	218.857	16196.750	244	69.5408	16196.0	4835.93	6976.875	103	29.7918	6974.5	887.554	20429.250	279	80.6646	20431.5	6506.79	28700.000	333	107.463	28685.5	11548.3	30792.625	349	121.635	30763.0	14795.1	27206.500	308	118.272	27161.5	13988.3	13870.875	152	58.7499	13849.0	3451.55	4030.375	45	16.1682	4025.5	261.411
coupled	3679.000	19	5.65685	3678.5	32	16334.250	71	24.6562	16335.0	607.929	7050.125	47	14.798	7046.0	218.982	20560.875	75	29.4349	20567.0	866.411	28801.875	128	50.1297	28798.5	2512.98	31005.625	132	51.5806	30978.5	2660.55	27524.375	198	69.251	27548.0	4795.7	14042.750	120	42.2738	14056.0	1787.07	4070.250	24	8.3794	4072.0	70.2143
coupled	3695.250	21	7.47854	3694.0	55.9286	16399.000	102	37.0521	16395.5	1372.86	7108.875	50	18.13	7110.5	328.696	20655.000	116	44.1944	20655.5	1953.14	28869.750	157	58.2991	28865.5	3398.79	31086.375	156	51.1802	31081.5	2619.41	27657.500	116	40.6026	27666.0	1648.57	14132.250	58	20.9131	14139.0	437.357	4085.625	16	5.18066	4085.5	26.8393
moving	3550.375	1295	445.878	3697.5	198807	15716.125	5930	2038.05	16383.5	4.15363e+06	6805.375	2506	867.743	7096.5	752977	19813.500	6989	2413.31	20616.5	5.82406e+06	27871.250	8691	2949.28	28821.5	8.69827e+06	30102.250	9283	3187.73	31168.5	1.01616e+07	26822.875	8295	2887.75	27810.0	8.33913e+06	13692.625	4228	1473.41	14197.0	2.17093e+06	4009.500	796	271.343	4099.0	73627.1
uncoupled	2589.625	72	22.6396	2584.0	512.554	11321.625	308	98.2896	11289.0	9660.84	4923.250	129	40.4395	4911.5	1635.36	14593.625	398	125.333	14566.5	15708.3	20391.625	410	124.92	20390.0	15605.1	21999.250	440	134.601	21996.5	18117.4	19454.125	404	124.752	19447.0	15563	9936.250	209	64.4089	9932.0	4148.5	3309.750	56	17.5804	3308.5	309.071
uncoupled	2584.125	71	25.3402	2583.5	642.125	11305.625	307	110.032	11303.5	12107.1	4918.250	139	50.2956	4918.0	2529.64	14550.875	380	138.753	14550.5	19252.4	20447.250	744	266.617	20459.0	71084.5	22054.875	822	290.683	22065.0	84496.7	19514.500	771	267.848	19519.5	71742.6	9969.125	400	138.781	9971.5	19260.1	3306.500	88	30.5894	3308.0	935.714
uncoupled	2687.500	55	18.7083	2685.0	350	11764.375	241	82.7802	11754.0	6852.55	5119.375	102	35.3753	5115.5	1251.41	15106.125	287	97.1779	15096.0	9443.55	21172.375	349	110.267	21206.0	12158.8	22855.875	388	124.097	22889.0	15400.1	20248.125	347	114.175	20281.5	13035.8	10345.875	177	58.7475	10363.5	3451.27	3392.875	41	13.2173	3397.0	174.696
uncoupled	2697.000	129	43.2104	2694.5	1867.14	11803.125	558	186.513	11795.5	34787	5136.000	243	81.0943	5129.0	6576.29	15134.125	683	227.618	15120.5	51809.8	21206.125	911	376.603	21350.0	141830	22867.750	963	401.212	23010.5	160971	20247.750	874	358.554	20360.0	128561	10349.875	450	184.52	10407.0	34047.6	3393.750	95	38.8394	3407.5	1508.5
uncoupled	2722.250	27	8.53145	2722.0	72.7857	11910.750	107	34.6235	11909.5	1198.79	5190.250	58	17.8706	5190.0	319.357	15249.625	187	56.7298	15250.5	3218.27	21298.875	201	77.7164	21322.5	6039.84	23039.125	233	78.9746	23062.5	6236.98	20481.625	216	68.5293	20497.0	4696.27	10470.875	109	34.8197	10479.5	1212.41	3408.625	23	8.03452	3410.0	64.5536
moving	2698.250	851	277.563	2718.5	77041.1	11790.750	3854	1237.1	11901.0	1.53041e+06	5128.250	1646	516.7	5171.0	266979	15166.625	4833	1516.83	15194.5	2.30077e+06	20171.125	12773	4342.35	21360.5	1.8856e+07	21615.250	13682	4613.64	23059.5	2.12857e+07	18959.500	11809	3972.76	20468.5	1.57828e+07	9701.250	5951	1992.47	10466.0	3.96995e+06	3004.875	1214	482.966	3228.0	233256
moving	2144.625	836	311.276	2086.0	96892.8	9380.375	3619	1346.14	9149.5	1.81209e+06	4088.375	1522	591.921	3940.5	350371	12028.000	4727	1760.4	11664.0	3.099e+06	15225.625	8399	2730.61	14305.0	7.45625e+06	16319.625	9298	2942.54	15439.0	8.65857e+06	14374.750	7891	2500.37	13667.0	6.25183e+06	7438.375	4019	1269	7104.0	1.61036e+06	2359.375	948	287.269	2302.0	82523.4
moving	2398.625	1452	546.723	2619.5	298906	10548.125	6371	2408.6	11484.0	5.80133e+06	4555.500	2711	1025.51	4937.5	1.05168e+06	13472.000	8125	3050.98	14657.5	9.30845e+06	19674.875	9796	3359.85	19953.5	1.12886e+07	21135.000	10825	3653.03	21331.0	1.33446e+07	18351.625	9723	3248.83	18666.5	1.05549e+07	9376.250	4918	1646.41	9567.0	2.71067e+06	2735.500	1796	567.804	2845.5	322401
moving	2093.250	2939	1070.2	2154.0	1.14532e+06	8655.000	13150	5296.71	9448.5	2.80551e+07	3750.750	5484	2148.82	4039.5	4.61744e+06	11230.375	16587	6441.95	12076.5	4.14987e+07	14110.375	17084	5923.32	13121.0	3.50857e+07	16607.875	13364	4637.58	14054.5	2.15072e+07	14557.375	10755	3679.89	12734.5	1.35416e+07	7324.375	5479	1917.32	6223.0	3.67612e+06	2161.875	1850	691.27	1758.5	477854
moving	977.000	843	410.685	1274.0	168662	2509.625	2761	1332.81	3468.0	1.77638e+06	1444.000	827	395.243	1729.0	156217	3805.250	4232	2027.75	5262.0	4.11176e+06	6149.500	7539	3809.41	8908.5	1.45116e+07	9308.000	12475	6400.85	13945.0	4.09708e+07	8686.500	11361	5704.88	12817.5	3.25457e+07	4758.375	4102	2055.95	6247.0	4.22693e+06	1734.125	1576	425.547	1708.0	181090
coupled	3742.750	403	130.719	3779.5	17087.4	16570.375	1831	594.071	16740.5	352920	7274.500	753	245.041	7347.5	60044.9	21019.750	2113	688.072	21218.5	473443	30112.750	741	266.799	30070.0	71181.6	32479.500	466	163.261	32427.5	26654	28870.500	195	67.4727	28842.0	4552.57	14806.250	117	40.4466	14790.5	1635.93	4273.375	56	19.1605	4267.0	367.125
coupled	3891.500	97	34.3262	3902.0	1178.29	17269.750	496	176.406	17311.5	31119.1	7571.375	222	79.259	7583.0	6281.98	21815.875	568	201.134	21849.5	40454.7	30994.375	609	215.76	31030.5	46552.3	33241.625	658	232.114	33260.0	53876.8	29408.750	582	206.472	29418.5	42630.8	15098.000	305	108.32	15106.5	11733.1	4365.500	84	29.549	4367.5	873.143
coupled	3911.500	38	15.1375	3917.0	229.143	17351.375	159	62.016	17368.5	3845.98	7620.500	58	21.1862	7624.5	448.857	21932.125	166	65.1097	21951.0	4239.27	31063.500	352	113.188	31099.0	12811.4	33312.750	308	97.5569	33335.5	9517.36	29498.000	223	69.1603	29509.0	4783.14	15153.625	114	35.1971	15159.0	1238.84	4377.625	40	12.6371	4380.5	159.696
coupled	3928.500	25	8.94427	3929.0	80	17432.250	101	35.1598	17433.0	1236.21	7653.500	42	15.2877	7653.0	233.714	21997.625	116	37.8981	21997.0	1436.27	31149.375	192	54.0342	31138.5	2919.7	33412.625	203	66.2871	33395.5	4393.98	29570.875	204	66.8077	29556.5	4463.27	15195.125	102	33.4085	15186.5	1116.12	4389.375	26	8.50105	4387.5	72.2679
uncoupled	2065.625	600	191.813	2026.5	36792.3	8910.875	2689	859.648	8735.0	738994	3938.750	1151	367.264	3863.5	134883	11589.625	3386	1078.04	11375.0	1.16217e+06	15592.250	2794	944.48	15783.0	892042	16799.250	3102	1050.74	17007.5	1.10405e+06	15081.375	2810	949.738	15256.0	902002	7659.125	1403	474.958	7747.0	225585	2831.375	296	101.365	2851.5	10274.8
uncoupled	2205.125	189	84.7575	2217.5	7183.84	9514.875	839	376.266	9570.5	141576	4190.875	349	157.086	4213.5	24676.1	12365.125	1055	473.215	12434.0	223932	17454.375	1447	587.945	17618.0	345679	18847.000	1575	643.636	19018.0	414268	16891.500	1344	550.624	17025.0	303187	8576.750	692	283.998	8643.5	80655.1	3023.750	145	59.1602	3039.0	3499.93
uncoupled	2211.875	100	33.1638	2222.5	1099.84	9553.750	443	146.784	9600.5	21545.6	4205.375	184	60.8016	4225.0	3696.84	12406.375	560	185.273	12469.5	34326	17449.125	626	209.823	17523.5	44025.8	18852.000	666	225.507	18944.0	50853.4	16898.000	568	194.901	16981.0	37986.3	8581.000	282	96.7205	8623.0	9354.86	3014.625	72	24.1184	3024.0	581.696
moving	2420.125	799	327.439	2233.0	107216	10504.750	3639	1504.24	9643.0	2.26272e+06	4624.500	1611	665.128	4243.0	442395	13615.750	4768	1931.16	12517.0	3.72937e+06	17530.000	5854	1700.42	17478.0	2.89142e+06	18885.625	6134	1774.22	18883.0	3.14786e+06	16826.875	5270	1512.6	16930.5	2.28795e+06	8559.500	2616	748.257	8600.0	559889	2967.125	591	191.359	3018.0	36618.4
moving	2333.750	1165	350.472	2282.5	122831	10104.250	5211	1584.86	9814.5	2.51178e+06	4451.750	2296	697.314	4298.0	486247	13074.125	6801	2058.07	12712.0	4.23566e+06	16032.750	16211	4700.25	15557.5	2.20924e+07	17393.875	17674	5140.44	16928.0	2.64242e+07	15459.125	15559	4548.38	15170.5	2.06878e+07	8037.250	7685	2271.55	7896.5	5.15993e+06	2539.625	1908	565.268	2453.5	319527
moving	1800.250	1410	547.496	1654.5	299752	7757.375	6366	2422.59	7130.5	5.86894e+06	3436.750	2583	1004.21	3140.5	1.00844e+06	10010.250	7992	3082.95	9191.0	9.5046e+06	16789.375	11270	4111.48	17670.0	1.69042e+07	18086.875	12169	4380.28	19112.0	1.91869e+07	15978.750	10819	3837.01	16841.0	1.47226e+07	8249.625	5484	1928.21	8669.5	3.718e+06	2480.750	1693	562.191	2651.0	316058
moving	2308.625	1896	529.5	2326.5	280371	10059.375	8325	2337.01	10136.5	5.46163e+06	4385.500	3474	977.646	4433.5	955792	12862.750	10514	2942.91	12917.0	8.66073e+06	17532.875	10520	3357.14	16709.0	1.12704e+07	18908.875	11285	3568.24	18215.5	1.27324e+07	16632.375	9999	3147.15	16158.0	9.90458e+06	8555.875	5064	1590.21	8334.5	2.52878e+06	2662.500	1135	373.161	2668.5	139249
moving	2536.500	1851	563.419	2662.0	317441	11015.125	8170	2459.75	11400.5	6.05038e+06	4784.000	3491	1047.7	4980.5	1.09769e+06	14079.500	10335	3124.19	14640.0	9.76053e+06	19619.500	12487	3837.43	20948.5	1.47259e+07	21024.000	13197	4092.24	22661.5	1.67465e+07	18256.500	11100	3487.87	19836.0	1.21652e+07	9385.500	5611	1762.41	10204.0	3.10608e+06	2849.750	1649	484.766	2986.0	234998
coupled	3715.875	150	55.6865	3729.0	3100.98	16561.750	691	257.683	16623.5	66400.8	7291.625	299	110.477	7316.5	12205.1	20784.625	870	323.815	20856.0	104856	29327.250	1617	542.368	29451.5	294163	31863.125	1314	436.509	31963.0	190540	28355.625	882	287.933	28439.5	82905.1	14498.375	464	151.476	14540.5	22944.8	4073.000	159	52.7365	4085.5	2781.14
coupled	3812.250	75	28.0802	3813.5	788.5	16985.875	304	114.22	16996.0	13046.1	7480.000	114	43.625	7488.0	1903.14	21330.875	354	138.493	21347.0	19180.4	30142.250	604	219.623	30169.0	48234.2	32527.875	459	162.435	32539.5	26385.3	28802.250	274	90.8291	28810.0	8249.93	14725.375	140	45.8848	14731.0	2105.41	4150.625	52	17.7195	4151.5	313.982
coupled	3867.625	48	15.8108	3870.0	249.982	17243.750	263	91.3654	17258.0	8347.64	7581.750	118	42.135	7584.0	1775.36	21638.500	331	115.058	21650.0	13238.3	30628.125	514	193.542	30632.5	37458.7	32925.750	519	203.104	32931.5	41251.4	29044.750	370	147.477	29048.0	21749.4	14849.250	177	70.9623	14852.0	5035.64	4198.500	61	23.6341	4201.0	558.571
moving	3784.000	1049	366.559	3912.0	134365	16824.125	4854	1701.3	17419.5	2.89441e+06	7387.375	2149	754.97	7651.5	569979	21139.750	5897	2067.62	21860.5	4.27507e+06	29804.000	9284	3229.97	30954.0	1.04327e+07	31967.000	9925	3466.67	33205.5	1.20178e+07	28145.000	8643	3026.96	29220.5	9.16247e+06	14377.625	4461	1562.8	14932.5	2.44233e+06	4128.000	820	285.022	4228.5	81237.7
uncoupled	2839.500	112	39.1335	2840.5	1531.43	12440.500	500	176.187	12443.0	31041.7	5431.000	232	80.2621	5429.0	6442	15813.750	607	213.794	15812.5	45707.9	22265.375	1197	408.123	22245.5	166564	23980.750	1501	525.509	24058.0	276159	21246.625	1473	528.429	21380.0	279237	10809.000	748	266.965	10873.5	71270.6	3450.500	146	49.9171	3452.5	2491.71
uncoupled	2969.000	43	17.5336	2967.0	307.429	13023.000	218	81.163	13006.5	6587.43	5674.875	112	37.8661	5664.0	1433.84	16509.250	283	103.949	16489.0	10805.4	23152.750	647	242.926	23175.5	59013.1	24844.125	659	263.81	24859.0	69595.6	21953.625	556	229.531	21962.0	52684.3	11176.875	290	117.565	11181.5	13821.6	3544.875	70	27.2472	3547.0	742.411
uncoupled	2949.125	106	32.9781	2944.0	1087.55	12919.500	482	149.781	12903.0	22434.3	5644.500	215	66.2118	5634.5	4384	16410.125	601	186.476	16383.5	34773.3	23042.500	847	305.456	23048.5	93303.1	24740.250	880	320.409	24739.5	102662	21912.625	741	274.516	21914.0	75358.8	11163.375	385	142.496	11163.5	20305.1	3535.125	90	34.5726	3536.5	1195.27
moving	3173.125	1046	386.259	2943.5	149196	13954.625	4706	1738.83	12921.0	3.02352e+06	6121.625	1976	763.024	5645.0	582205	17763.875	5604	2171.24	16401.0	4.7143e+06	24812.750	8679	2821.21	23836.5	7.95923e+06	26555.250	9142	2949.31	25588.0	8.69843e+06	23320.625	7891	2472.87	22622.5	6.11509e+06	11889.125	3980	1255.01	11532.0	1.57505e+06	3611.000	989	294.003	3539.5	86437.7
moving	2868.875	1166	392.364	3038.0	153949	12532.375	5320	1828.07	13348.5	3.34182e+06	5504.875	2309	778.687	5836.0	606354	16032.500	6786	2255.11	16933.5	5.08554e+06	21041.625	11191	3678.15	21701.0	1.35288e+07	22637.125	12310	4005.8	23292.0	1.60464e+07	19964.750	10914	3518.25	20541.0	1.23781e+07	10214.125	5574	1792.74	10462.5	3.21393e+06	3295.875	973	352.335	3358.5	124140
moving	3178.625	890	254.942	3163.5	64995.4	13910.250	4159	1185.43	13929.5	1.40525e+06	6048.875	1795	513.776	6057.0	263965	17746.125	5324	1498.58	17703.0	2.24574e+06	26402.500	10849	3620.91	27034.0	1.3111e+07	28071.500	11358	3778.92	28743.0	1.42802e+07	24271.625	9527	3147.95	24888.5	9.90956e+06	12400.875	4781	1586.69	12715.5	2.5176e+06	3727.750	1080	335.875	3769.5	112812
moving	3147.750	1483	464.389	3149.0	215657	13653.375	6921	2146.61	13584.0	4.60792e+06	5941.625	2988	933.591	5893.0	871593	17476.625	8472	2666.68	17427.0	7.1112e+06	21990.125	15837	5494.88	21104.5	3.01938e+07	23427.625	17007	5884.27	22394.0	3.46246e+07	20363.250	14737	5085.6	19372.5	2.58633e+07	10414.250	7371	2540.49	9962.0	6.45408e+06	3249.750	1700	565.804	3119.0	320134
moving	3985.125	2370	961.567	4481.0	924612	17655.500	10733	4392.11	19918.5	1.92907e+07	7602.125	4550	1850.26	8552.5	3.42346e+06	21997.875	12838	5228.56	24717.0	2.73378e+07	33499.625	11356	4432.38	35864.5	1.9646e+07	35488.250	11822	4604.12	37911.0	2.11979e+07	30867.625	10707	4125.91	32969.0	1.70231e+07	15754.000	5398	2086.16	16821.0	4.35205e+06	4730.500	1586	611.895	5043.0	374416
coupled	1683.250	53	17.1026	1687.5	292.5	6363.125	209	66.6557	6381.0	4442.98	3183.250	87	28.4592	3191.0	809.929	9600.500	296	95.4972	9631.0	9119.71	14283.625	740	251.372	14332.0	63187.7	16834.375	885	298.51	16878.0	89108.3	16282.625	797	266.62	16323.5	71086.3	8843.125	400	133.478	8868.0	17816.4	2286.250	102	33.9653	2290.0	1153.64
coupled	1667.250	26	8.44732	1665.5	71.3571	6299.875	100	32.9954	6291.5	1088.7	3156.000	44	13.8048	3155.5	190.571	9492.125	137	42.8534	9492.5	1836.41	14173.750	154	53.2024	14168.0	2830.5	16739.250	187	69.4977	16730.0	4829.93	16258.625	217	79.3742	16268.5	6300.27	8840.625	110	40.1281	8844.5	1610.27	2278.250	20	7.59229	2277.0	57.6429
coupled	1665.750	50	18.2972	1668.0	334.786	6295.250	198	71.6016	6304.5	5126.79	3152.000	91	32.6278	3155.5	1064.57	9461.125	289	104.866	9474.5	10997	14103.500	528	180.817	14147.5	32694.9	16682.125	571	198.075	16739.5	39233.8	16242.625	486	170.421	16304.0	29043.4	8831.625	252	88.3612	8864.0	7807.7	2270.875	64	22.6743	2277.5	514.125
moving	1575.500	512	177.668	1635.5	31566	5951.000	1901	659.347	6177.0	434738	2982.000	964	335.469	3097.0	112539	8940.125	2875	1000.8	9283.0	1.00159e+06	13109.750	4780	1635.49	13782.0	2.67482e+06	15556.250	5753	1974.23	16366.0	3.8976e+06	15207.625	5646	1941.54	15998.0	3.76958e+06	8274.125	3089	1062.65	8706.0	1.12922e+06	2167.375	418	142.643	2230.5	20347.1
uncoupled	1048.875	93	27.5029	1047.0	756.411	3986.125	360	104.826	3978.5	10988.4	1976.125	180	54.407	1968.5	2960.12	5953.625	551	164.458	5936.5	27046.6	8757.375	613	214.768	8745.0	46125.1	10297.125	709	251.978	10279.5	63492.7	10015.750	660	238.754	9997.5	57003.6	5423.750	363	132.846	5407.5	17647.9	1795.000	55	20.3119	1797.0	412.571
uncoupled	1061.000	106	32.1692	1063.0	1034.86	4017.000	403	122.423	4025.5	14987.4	1987.500	185	56.3205	1992.0	3172	5992.000	580	175.929	6008.0	30950.9	9046.750	454	160.561	9101.5	25779.9	10679.500	596	215.174	10745.0	46299.7	10408.250	610	223.155	10474.0	49798.2	5633.500	328	119.918	5669.5	14380.3	1832.500	55	19.5229	1839.0	381.143
uncoupled	1140.875	100	33.6513	1156.5	1132.41	4317.750	387	131.587	4376.0	17315.1	2126.625	181	61.5071	2154.5	3783.12	6421.125	564	191.305	6511.5	36597.6	9692.750	702	230.525	9780.0	53141.9	11471.375	782	258.756	11562.0	66954.6	11192.500	716	235.938	11267.5	55666.9	6056.500	381	126.067	6095.5	15892.9	1901.750	71	23.0326	1909.5	530.5
moving	1260.625	423	148.489	1180.0	22048.8	4758.250	1600	547.751	4468.5	300031	2350.125	786	275.21	2199.0	75740.7	7096.250	2383	833.856	6642.0	695315	10275.875	3969	1144.55	9965.5	1.30999e+06	12251.125	4768	1424.66	11769.0	2.02965e+06	11965.250	4619	1397.69	11466.5	1.95354e+06	6477.875	2557	765.458	6211.0	585926	1782.125	610	225.893	1915.0	51027.6
moving	1297.125	278	80.0633	1298.5	6410.12	4913.375	1168	330.968	4923.0	109540	2434.125	533	153.959	2442.0	23703.3	7317.000	1593	462.16	7345.0	213591	10742.000	1572	507.502	10898.0	257558	12853.875	1784	585.759	13037.5	343114	12539.375	1732	562.844	12700.5	316793	6809.125	931	307.531	6900.5	94575.6	1613.875	527	152.234	1638.0	23175.3
moving	1346.750	151	54.8993	1357.0	3013.93	5103.500	650	240.875	5153.5	58020.6	2530.500	296	108.367	2555.5	11743.4	7596.250	896	325.488	7661.5	105942	12091.000	2719	843.435	11996.0	711383	14408.625	3054	953.743	14384.0	909625	13997.625	2837	897.09	14026.5	804770	7589.625	1437	477.296	7632.5	227811	1855.125	582	192.678	1882.0	37124.7
moving	1420.500	320	106.703	1412.0	11385.4	5429.500	1173	378.834	5386.0	143515	2677.625	583	185.431	2660.0	34384.8	8031.125	1702	561.898	7975.5	315729	12141.125	1805	623.257	12162.5	388449	14411.875	1906	666.291	14439.5	443943	13980.375	1669	598.961	13955.5	358755	7558.375	828	305.067	7506.5	93066	1840.375	315	117.253	1866.5	13748.3
coupled	1793.750	166	44.9532	1790.5	2020.79	6857.250	656	177.589	6843.0	31537.9	3398.875	310	86.2545	3391.0	7439.84	10003.375	913	250.47	9977.0	62735.4	14669.250	1402	486.954	14846.0	237124	17478.500	1637	565.972	17685.5	320324	17194.500	1566	528.837	17356.5	279669	9331.625	815	275.775	9408.0	76052	2345.625	173	58.3999	2366.5	3410.55
coupled	1713.750	41	15.9262	1712.5	253.643	6524.875	165	65.2083	6521.0	4252.12	3272.000	89	34.6245	3275.5	1198.86	9583.125	246	96.8245	9582.0	9374.98	14190.875	757	262.528	14075.0	68921	16939.375	822	287.105	16804.5	82429.4	16797.125	788	272.013	16690.5	73991	9158.250	421	144.645	9110.5	20922.2	2289.625	79	27.0552	2276.0	731.982
coupled	1696.125	104	42.3875	1678.0	1796.7	6462.250	431	175.094	6387.5	30657.9	3252.250	200	80.861	3218.5	6538.5	9488.250	602	245.966	9384.0	60499.1	13832.125	724	230.822	13761.0	53279	16511.875	805	256.076	16431.0	65575	16455.375	724	227.395	16392.0	51708.3	9002.750	367	113.651	8976.0	12916.5	2248.875	76	24.7873	2240.0	614.411
moving	1629.500	427	144.679	1685.0	20932	6202.250	1679	568.656	6421.5	323370	3130.875	834	281.885	3238.0	79459	9128.000	2394	809.76	9438.0	655711	12925.000	4716	1814.43	13839.0	3.29216e+06	15408.375	5585	2145.32	16488.5	4.60238e+06	15393.250	5442	2077.97	16432.0	4.31796e+06	8434.750	2984	1138.02	9003.5	1.29509e+06	2158.875	445	169.383	2242.5	28690.7
moving	1018.000	222	94.2338	1017.0	8880	3862.750	834	353.779	3857.0	125160	1954.250	415	177.232	1950.0	31411.1	5688.875	1270	539.39	5681.0	290942	8235.500	2075	755.084	7871.0	570153	9791.625	2515	917.818	9345.0	842390	9852.000	2546	932.53	9394.5	869611	5386.125	1389	509.413	5134.5	259502	1712.625	227	82.5728	1675.0	6818.27
uncoupled	983.250	26	10.5119	981.5	110.5	3730.625	103	40.7253	3722.5	1658.55	1883.750	49	19.2929	1880.0	372.214	5492.375	151	60.4978	5480.5	3659.98	8032.375	310	107.451	8059.0	11545.7	9527.250	359	124.471	9558.0	15493.1	9552.625	350	121.797	9581.0	14834.6	5216.500	184	64.803	5231.0	4199.43	1698.125	35	11.6305	1700.0	135.268
uncoupled	993.500	38	12.5357	990.0	157.143	3761.875	141	45.5143	3748.0	2071.55	1902.125	69	22.8938	1895.5	524.125	5549.500	217	71.8769	5529.0	5166.29	8176.125	585	183.925	8097.0	33828.4	9711.375	703	220.18	9617.5	48479.1	9745.000	704	220.005	9653.0	48402	5324.125	384	119.91	5275.5	14378.4	1715.875	67	21.0607	1707.5	443.554
moving	1119.375	196	80.477	1079.5	6476.55	4268.125	853	320.831	4082.0	102932	2159.000	448	169.348	2060.0	28678.9	6308.125	1276	487.13	6034.5	237295	9378.750	3398	1136.27	9006.5	1.2911e+06	11332.375	3910	1391.9	10881.5	1.93738e+06	11390.125	3929	1389.22	10961.5	1.92992e+06	6211.125	2194	756.776	5989.0	572710	1591.000	891	298.813	1699.0	89289.1
moving	1216.875	437	148.358	1261.5	22010.1	4687.250	1690	567.218	4831.0	321737	2366.625	829	275.963	2448.0	76155.7	6875.000	2451	825.414	7127.0	681309	9879.750	3738	1170.51	9541.0	1.3701e+06	11899.375	4302	1333.09	11554.0	1.77713e+06	11884.125	4249	1283.62	11636.5	1.64769e+06	6457.250	2245	676.639	6343.0	457840	1405.500	724	223.895	1361.5	50129.1
moving	1319.625	383	142.843	1386.0	20404	5114.000	1532	561.807	5333.0	315627	2579.625	766	275.952	2700.5	76149.4	7503.625	2193	799.549	7883.5	639279	10365.000	2489	974.736	10719.5	950110	12419.625	2610	1073.56	12873.0	1.15254e+06	12326.250	2444	974.495	12788.0	949640	6690.750	1346	536.154	6923.5	287461	1484.875	524	204.322	1556.0	41747.6
moving	1299.750	393	123.53	1318.0	15259.6	4997.375	1535	464.933	5076.0	216163	2535.250	741	225.201	2573.0	50715.4	7378.750	2163	665.494	7522.0	442882	10269.250	4844	1993.53	9820.5	3.97416e+06	12318.250	5752	2333.67	11781.0	5.44602e+06	12211.750	5804	2279.38	11618.5	5.19558e+06	6633.375	3145	1239.1	6312.0	1.53537e+06	1448.375	959	403.771	1325.5	163031
coupled	1925.250	80	29.129	1935.0	848.5	7325.375	299	110.722	7365.0	12259.4	3637.375	130	51.2304	3659.0	2624.55	10656.125	422	153.61	10712.5	23596.1	15607.875	1316	444.462	15622.5	197546	18514.000	1467	497.87	18535.0	247875	18175.000	1404	477.837	18184.0	228329	9860.125	753	253.174	9863.0	64097.3	2482.625	205	68.7645	2483.0	4728.55
coupled	1912.625	154	61.6255	1931.5	3797.7	7280.375	612	242.37	7353.5	58743.1	3643.500	285	112.449	3678.5	12644.9	10620.500	835	330.763	10720.5	109404	15506.000	1422	508.412	15621.0	258483	18376.375	1632	582.212	18520.5	338971	18096.500	1551	555.431	18245.5	308504	9843.125	805	289.113	9923.0	83586.4	2467.625	219	78.2851	2489.0	6128.55
coupled	1811.875	67	26.292	1804.0	691.268	6886.000	274	104.897	6855.0	11003.4	3463.375	122	48.1988	3445.5	2323.12	10084.125	360	143.152	10034.5	20492.4	14629.875	1056	409.079	14741.0	167345	17330.625	1163	461.794	17479.5	213253	17100.750	1076	431.962	17237.0	186591	9335.250	564	222.951	9397.5	49707.4	2338.875	160	62.5036	2356.5	3906.7
coupled	1747.500	185	68.0819	1757.5	4635.14	6631.125	731	272.276	6669.5	74134.1	3352.500	358	132.061	3370.0	17440	9727.125	1031	381.996	9778.5	145921	14130.125	975	344.754	14125.5	118855	16775.375	1111	397.372	16789.5	157905	16626.500	1094	391.699	16653.0	153428	9102.625	583	207.782	9116.5	43173.4	2277.625	152	56.5886	2279.0	3202.27
uncoupled	1556.750	311	116.572	1576.0	13589.1	5943.750	1190	447.66	6016.5	200399	3004.875	599	225.737	3041.0	50957.3	8720.750	1713	646.152	8830.5	417513	12478.000	3056	1043.15	12728.0	1.08816e+06	14804.250	3576	1222.77	15105.5	1.49516e+06	14653.875	3626	1239.19	14956.5	1.53558e+06	8011.125	1960	668.066	8170.5	446313	1864.750	644	221.028	1914.0	48853.4
uncoupled	1284.750	137	44.647	1286.0	1993.36	4912.500	522	169.397	4917.5	28695.4	2491.375	251	80.9549	2493.0	6553.7	7222.250	762	247.153	7229.5	61084.5	10621.875	699	293.24	10641.0	85989.6	12650.500	798	341.665	12679.5	116735	12508.375	744	329.015	12542.5	108251	6861.375	395	174.776	6881.0	30546.6	1469.500	118	52.2795	1474.0	2733.14
moving	1240.375	260	116.732	1283.0	13626.3	4743.250	996	446.817	4901.0	199646	2404.000	492	221.802	2483.0	49196	6966.375	1475	661.878	7197.5	438083	9965.250	2980	1129.3	10211.0	1.27533e+06	11862.625	3478	1317.81	12146.5	1.73663e+06	11704.875	3393	1289.13	11974.0	1.66185e+06	6430.500	1814	690.919	6576.0	477369	1354.750	507	194.062	1393.5	37659.9
moving	1337.625	544	166.965	1306.5	27877.4	5087.250	1882	581.745	4990.0	338428	2576.250	948	294.888	2523.0	86958.8	7489.000	2891	894.373	7324.5	799903	10886.625	3894	1306.74	10622.5	1.70758e+06	12993.875	4584	1527.79	12688.0	2.33415e+06	12889.875	4512	1502.51	12623.0	2.25752e+06	7056.750	2409	804.576	6893.5	647343	1699.125	908	353.858	1741.5	125215
moving	1589.125	395	127.042	1624.5	16139.6	6060.250	1578	513.634	6207.0	263820	3018.750	816	259.103	3095.5	67134.2	8875.625	2093	685.057	9110.0	469304	13120.625	1401	544.126	13227.0	296073	15580.250	1709	591.62	15729.0	350015	15364.500	1873	661.759	15480.0	437925	8331.625	1042	355.279	8398.5	126223	2177.875	164	64.8216	2211.5	4201.84
moving	1626.625	378	126.971	1660.0	16121.7	6226.750	1488	509.291	6337.0	259377	3114.875	785	255.947	3141.0	65509	9119.125	2142	705.491	9251.5	497717	13054.125	4374	1431.98	12561.0	2.05058e+06	15405.750	5353	1641.4	14842.0	2.69419e+06	15066.250	5572	1623.56	14712.0	2.63594e+06	8165.625	2927	857.776	7982.0	735780	2173.750	570	165.496	2157.0	27388.8
moving	1470.125	806	283.267	1568.5	80240.1	5617.125	3195	1084.26	5939.0	1.17562e+06	2830.625	1537	526.089	2972.5	276770	8302.875	4514	1575.77	8794.0	2.48306e+06	13068.625	3670	1327.75	13219.0	1.76291e+06	15288.250	4780	1681.07	15347.0	2.82601e+06	14787.500	5361	1791.85	14657.0	3.21071e+06	7993.625	2996	997.924	7921.0	995852	2164.625	379	119.477	2152.0	14274.8
